S2N
---
KNN k =1
----
1, 5, 10, 20, 50, 100, 200, 300, 400, 500, 600, 700, 800, 900, 1000, 2000, 3000, 4000, 5000, 6000, 7000, 8000, 9000, 10000, 11000, 12000, 13000, 14000, 15000, 16000, 17000, 18000, 19000, 20000, 

59.0, 67.0, 80.33333333333333, 85.33333333333333, 84.66666666666667, 88.0, 78.0, 88.0, 86.33333333333333, 80.33333333333333, 76.33333333333333, 74.0, 71.66666666666667, 70.0, 68.33333333333333, 71.66666666666667, 63.333333333333336, 63.333333333333336, 63.666666666666664, 70.33333333333333, 62.666666666666664, 53.666666666666664, 54.0, 54.0, 54.0, 53.666666666666664, 54.0, 53.666666666666664, 53.333333333333336, 53.0, 53.0, 53.0, 53.333333333333336, 53.0, 

-------
k=5
--------
1, 5, 10, 20, 50, 100, 200, 300, 400, 500, 600, 700, 800, 900, 1000, 2000, 3000, 4000, 5000, 6000, 7000, 8000, 9000, 10000, 11000, 12000, 13000, 14000, 15000, 16000, 17000, 18000, 19000, 20000, 

59.0, 67.66666666666667, 80.33333333333333, 86.0, 86.66666666666667, 89.33333333333333, 87.33333333333333, 88.66666666666667, 91.33333333333333, 75.33333333333333, 65.0, 64.0, 65.66666666666667, 63.666666666666664, 64.33333333333333, 64.66666666666667, 62.333333333333336, 73.66666666666667, 62.333333333333336, 69.66666666666667, 68.0, 52.0, 51.666666666666664, 51.666666666666664, 51.333333333333336, 51.333333333333336, 51.0, 50.666666666666664, 50.666666666666664, 50.666666666666664, 50.666666666666664, 50.666666666666664, 51.0, 51.0, 

------
k=10
------
1, 5, 10, 20, 50, 100, 200, 300, 400, 500, 600, 700, 800, 900, 1000, 2000, 3000, 4000, 5000, 6000, 7000, 8000, 9000, 10000, 11000, 12000, 13000, 14000, 15000, 16000, 17000, 18000, 19000, 20000, 

59.0, 66.66666666666667, 79.33333333333333, 85.66666666666667, 87.0, 87.0, 80.33333333333333, 88.33333333333333, 80.33333333333333, 69.33333333333333, 63.666666666666664, 64.33333333333333, 63.333333333333336, 63.0, 63.333333333333336, 63.0, 62.666666666666664, 70.33333333333333, 62.0, 65.66666666666667, 69.33333333333333, 61.666666666666664, 60.333333333333336, 59.333333333333336, 59.333333333333336, 60.0, 57.0, 56.666666666666664, 57.0, 57.0, 57.0, 58.333333333333336, 56.666666666666664, 56.666666666666664, 

